1 .99
2 1.98
3 2.97
4 3.96
5 4.95
6 5.94
7 6.93
8 7.90
9 8.91
10 9.90
11 10.89
12 11.87
13 12.87
14 13.81
15 14.76
16 15.76
17 16.81
18 17.79
19 18.69
20 19.66
21 20.70
22 21.59
23 22.74
24 23.62
25 24.75
26 25.46
27 26.62
28 27.22
29 28.37
30 29.05
31 30.51
32 30.88
33 32.33
34 33.04
35 34.10
36 35.30
37 36.20
38 36.76
39 37.66
40 38.86
41 39.79
42 40.44
43 41.61
44 42.49
45 43.43
46 44.23
47 45.47
48 46.11
49 47.18
50 48.38
51 48.68
52 49.89
53 51.06
54 51.87
55 54.03
56 54.21
57 54.23
58 56.83
59 56.39
60 57.58
61 57.80
62 59.36
63 59.96
64 60.75
65 61.48
66 62.06
67 63.59
68 63.99
69 66.28
70 65.56
71 66.95
72 67.02
73 68.22
74 69.84
75 70.32
76 71.09
77 72.13
78 72.54
79 73.78
80 74.46
81 75.26
82 76.30
83 77.05
84 77.61
85 77.59
86 79.37
87 81.17
88 80.02
89 80.68
90 83.06
91 84.13
92 84.62
93 84.20
94 86.84
95 85.52
96 87.97
97 89.22
98 88.27
99 89.85
100 90.30
101 91.47
102 92.29
103 92.29
104 93.42
105 93.50
106 94.74
107 94.61
108 95.82
109 97.02
110 98.26
111 99.51
112 99.30
113 101.20
114 100.43
115 101.42
116 103.13
117 103.12
118 102.91
119 105.00
120 105.29
121 105.25
122 106.71
123 107.71
124 108.23
125 108.83
126 108.88
127 109.54
128 110.60
129 111.47
130 112.76
131 112.93
132 113.20
133 114.02
134 114.02
135 116.79
136 115.49
137 116.60
138 117.62
139 112.92
140 114.64
141 115.59
142 112.29
143 119.25
144 120.69
145 120.99
146 121.33
147 112.84
148 121.79
149 122.82
150 124.38
