1 13.00
2 14.00
3 15.00
4 16.00
5 17.00
6 18.00
7 19.00
8 19.62
9 19.00
10 21.00
11 22.00
12 23.00
13 24.00
14 24.14
15 25.93
16 26.25
17 28.00
18 30.00
19 28.78
20 29.80
21 30.42
22 32.45
23 36.00
24 34.33
25 37.20
26 35.50
27 39.00
28 38.42
29 38.24
30 40.16
31 40.51
32 43.06
33 41.75
34 44.67
35 45.82
36 46.19
37 48.16
38 50.02
39 50.64
40 53.20
41 52.82
42 55.00
43 57.39
44 56.59
45 58.82
46 64.50
47 65.76
48 65.60
49 66.10
50 65.84
51 66.07
52 66.13
53 66.32
54 66.55
55 66.34
56 66.39
57 66.66
58 66.68
59 67.05
60 67.05
61 67.06
62 67.33
63 67.19
64 66.84
65 67.03
66 67.00
67 67.35
68 67.32
69 67.14
70 67.70
71 67.78
72 67.68
73 67.67
74 67.58
75 67.89
76 68.06
77 68.24
78 68.12
79 68.17
80 68.07
81 68.29
82 68.10
83 68.16
84 68.60
85 68.30
86 68.47
87 68.59
88 68.34
89 68.44
90 68.73
91 68.51
92 68.94
93 68.77
94 68.84
95 68.96
96 69.19
97 69.27
98 69.15
99 69.27
100 69.30
101 69.35
102 69.45
103 69.40
104 69.34
105 69.38
106 69.50
107 69.53
108 69.79
109 69.74
110 69.89
111 69.66
112 69.66
113 69.64
114 69.57
115 69.85
116 69.79
117 70.13
118 69.75
119 70.12
120 69.88
121 70.13
122 70.04
123 70.56
124 71.21
125 70.16
126 70.16
127 70.57
128 70.59
129 70.48
130 70.49
131 70.41
132 70.53
133 70.82
134 70.73
135 70.68
136 70.68
137 70.69
138 71.13
139 82.94
140 73.23
141 75.56
142 70.91
143 71.18
144 71.25
145 71.27
146 71.07
147 71.29
148 71.52
149 71.39
150 71.50
