1 4.00
2 4.00
3 4.00
4 4.00
5 4.00
6 4.00
7 4.00
8 4.00
9 4.00
10 4.00
11 4.00
12 4.00
13 4.00
14 4.00
15 4.00
16 4.00
17 4.00
18 4.00
19 4.00
20 4.00
21 4.00
22 4.00
23 4.00
24 4.00
25 4.00
26 4.00
27 4.00
28 4.00
29 4.00
30 4.00
31 4.00
32 4.00
33 4.00
34 4.00
35 4.00
36 4.00
37 4.00
38 4.00
39 4.00
40 4.00
41 4.00
42 4.00
43 4.00
44 4.00
45 4.00
46 4.00
47 4.00
48 4.00
49 4.00
50 4.00
51 4.00
52 4.00
53 4.00
54 4.00
55 4.00
56 4.00
57 4.00
58 4.00
59 4.00
60 4.00
61 4.00
62 4.00
63 4.00
64 4.00
65 4.00
66 4.00
67 4.00
68 4.00
69 4.00
70 4.00
71 4.00
72 4.00
73 4.00
74 4.00
75 4.00
76 4.00
77 4.00
78 4.00
79 4.00
80 4.00
81 4.00
82 4.00
83 4.00
84 4.00
85 4.00
86 4.00
87 4.00
88 4.00
89 4.00
90 4.00
91 4.00
92 4.00
93 4.00
94 4.00
95 4.00
96 4.00
97 4.00
98 4.00
99 4.00
100 4.00
101 4.00
102 4.00
103 4.00
104 4.00
105 4.00
106 4.00
107 4.00
108 4.00
109 4.00
110 4.00
111 4.00
112 4.00
113 4.00
114 4.00
115 4.00
116 4.00
117 4.00
118 4.00
119 4.00
120 4.00
121 4.00
122 4.00
123 4.00
124 4.00
125 4.00
126 4.00
127 4.00
128 4.00
129 4.00
130 4.00
131 4.00
132 4.00
133 4.00
134 4.00
135 4.00
136 4.00
137 4.00
138 4.00
139 4.00
140 4.00
141 4.00
142 4.00
143 4.00
144 4.00
145 4.00
146 4.00
147 4.00
148 4.00
149 4.00
150 4.00
