1 1
2 1
3 2
4 2
5 3
6 3
7 2
8 5
9 6
10 5
11 4
12 6
13 5
14 7
15 10
16 9
17 5
18 6
19 9
20 12
21 8
22 13
23 5
24 9
25 5
26 14
27 8
28 14
29 16
30 18
31 10
32 16
33 12
34 14
35 15
36 14
37 13
38 16
39 17
40 14
41 15
42 16
43 16
44 16
45 17
46 15
47 15
48 17
49 17
50 16
51 17
52 17
53 16
54 17
55 11
56 16
57 19
58 13
59 19
60 19
61 19
62 18
63 20
64 20
65 21
66 21
67 21
68 18
69 17
70 21
71 21
72 23
73 22
74 16
75 19
76 21
77 21
78 23
79 23
80 22
81 20
82 21
83 22
84 22
85 23
86 23
87 18
88 22
89 26
90 21
91 22
92 22
93 24
94 22
95 24
96 22
97 22
98 24
99 23
100 23
101 24
102 24
103 24
104 25
105 24
106 24
107 26
108 26
109 25
110 24
111 23
112 26
113 22
114 24
115 23
116 23
117 24
118 24
119 24
120 24
121 26
122 26
123 24
124 26
125 25
126 26
127 25
128 26
129 25
130 25
131 24
132 27
133 25
134 26
135 27
136 26
137 26
138 27
139 39
140 37
141 32
142 36
143 33
144 30
145 28
146 31
147 42
148 30
149 26
150 30
